0 2.935002 0.719780 0.001384 0.215009 0.050057 0.224451 0.032150 0.005291 0.002382 0.068362 0.308199 0.092714 
1 2.907678 0.755009 0.002992 0.251181 0.051087 0.163304 0.035932 0.024010 0.002445 0.050717 0.355356 0.062977 
5 2.404198 1.613139 0.025055 0.176502 0.043109 0.130142 0.029050 0.001613 0.012799 0.196471 0.319021 0.066237 
6 5.094943 0.216057 0.145382 0.084934 0.131276 0.192981 0.153316 0.011021 0.006378 0.006745 0.083378 0.184589 
7 3.516350 0.465009 0.000270 0.162538 0.120075 0.182972 0.142684 0.002329 0.019174 0.035861 0.236877 0.097219 
8 4.614587 0.253996 0.115149 0.075375 0.112078 0.198980 0.174215 0.001326 0.008051 0.010265 0.150407 0.154153 
9 4.433663 0.278232 0.130911 0.063654 0.123515 0.195381 0.154059 0.021768 0.014671 0.013068 0.181006 0.101968 
11 3.631885 0.433910 0.002906 0.085447 0.148747 0.231532 0.039320 0.003244 0.014588 0.029252 0.264986 0.179979 
14 3.455270 0.482939 0.002724 0.170195 0.139269 0.210714 0.034976 0.003436 0.036874 0.028099 0.241562 0.132150 
16 3.109729 0.615917 0.000647 0.183264 0.065142 0.243783 0.035085 0.004226 0.029278 0.046709 0.292496 0.099371 
17 2.490202 1.359363 0.001828 0.190617 0.044858 0.173488 0.038954 0.001277 0.009181 0.169462 0.306988 0.063345 
19 2.323417 1.834335 0.001323 0.147031 0.047155 0.139992 0.036174 0.001262 0.007958 0.221872 0.326747 0.070484 
22 3.311814 0.533792 0.000608 0.165064 0.126320 0.217336 0.036024 0.003299 0.033593 0.039634 0.261727 0.116395 
23 3.361987 0.524074 0.001448 0.136155 0.099997 0.241290 0.035860 0.001269 0.008115 0.020125 0.328881 0.126859 
24 4.295004 0.297904 0.111030 0.120627 0.116677 0.171672 0.131722 0.013053 0.019962 0.002643 0.189134 0.123481 
25 3.065839 0.655276 0.004615 0.170615 0.110163 0.192015 0.036952 0.002714 0.029132 0.049992 0.333392 0.070410 
26 3.337509 0.527111 0.000407 0.175611 0.142429 0.217574 0.037268 0.003548 0.037593 0.036953 0.249119 0.099498 
28 2.341137 1.779621 0.000523 0.175929 0.042879 0.134619 0.035750 0.016965 0.023253 0.208156 0.313778 0.048149 
29 2.621069 1.159724 0.013551 0.179231 0.106672 0.137100 0.036201 0.001585 0.008193 0.146436 0.320114 0.050916 
30 3.102689 0.635581 0.000759 0.212782 0.062551 0.180225 0.101365 0.005254 0.002233 0.058791 0.286300 0.089739 
31 2.861194 0.768302 0.003015 0.256586 0.052380 0.210282 0.037751 0.001389 0.008889 0.048361 0.360777 0.020568 
35 4.261980 0.300798 0.133110 0.116083 0.116812 0.166338 0.128151 0.012602 0.017816 0.010532 0.187268 0.111288 
36 4.121467 0.322473 0.107374 0.117548 0.114316 0.171669 0.140299 0.011910 0.010416 0.023472 0.181191 0.121805 
37 3.165538 0.601583 0.000637 0.178693 0.172347 0.237072 0.034004 0.004108 0.027145 0.046895 0.283773 0.015325 
38 2.921679 0.736524 0.003362 0.285106 0.058299 0.233139 0.042506 0.005094 0.001650 0.053553 0.294419 0.022870 
39 2.965202 0.701515 0.003635 0.228297 0.070245 0.235768 0.070196 0.005468 0.001966 0.061437 0.302308 0.020678 
40 4.815229 0.237023 0.141207 0.078299 0.170287 0.195896 0.167506 0.013852 0.009176 0.016182 0.105014 0.102580 
41 2.383964 1.741502 0.027639 0.147609 0.046686 0.140751 0.030407 0.001672 0.013843 0.214433 0.305324 0.071637 
42 2.861194 0.768302 0.003015 0.256586 0.052380 0.210282 0.037751 0.001389 0.008889 0.048361 0.360777 0.020568 
43 2.950132 0.714234 0.002901 0.248841 0.053686 0.204695 0.083032 0.001537 0.008354 0.050089 0.328208 0.018659 
44 4.388901 0.280958 0.100552 0.112626 0.103072 0.175095 0.151790 0.001910 0.015757 0.008950 0.162891 0.167356 
46 2.388520 1.662868 0.002748 0.166110 0.048683 0.149315 0.034368 0.016835 0.027053 0.197826 0.309534 0.047528 
47 3.940033 0.362153 0.009959 0.083204 0.137456 0.220667 0.151293 0.005653 0.032554 0.009051 0.236002 0.114161 
51 2.383964 1.741502 0.027639 0.147609 0.046686 0.140751 0.030407 0.001672 0.013843 0.214433 0.305324 0.071637 
52 4.179497 0.313875 0.092264 0.122433 0.119575 0.172447 0.149595 0.012287 0.017484 0.010278 0.190721 0.112915 
53 4.350119 0.289441 0.139358 0.065517 0.124062 0.196254 0.137211 0.002571 0.036067 0.012442 0.185343 0.101174 
54 4.691216 0.245367 0.107599 0.073560 0.106018 0.163713 0.189624 0.008866 0.007543 0.009766 0.150409 0.182900 
55 2.819890 0.888876 0.000583 0.183898 0.103983 0.144857 0.033181 0.002318 0.031711 0.101040 0.309931 0.088499 
56 3.840716 0.381849 0.096097 0.123253 0.097988 0.153002 0.137080 0.002349 0.016759 0.029771 0.226655 0.117047 
58 4.667525 0.248261 0.145515 0.066801 0.129356 0.158665 0.192407 0.025532 0.006869 0.013580 0.158754 0.102521 
62 4.099625 0.333569 0.113699 0.110476 0.121305 0.155329 0.152950 0.001547 0.032525 0.007655 0.226301 0.078213 
65 4.479452 0.269694 0.118675 0.074612 0.104336 0.171358 0.149421 0.011235 0.031693 0.008777 0.168459 0.161433 
66 4.912818 0.228942 0.134413 0.074051 0.159085 0.205387 0.158418 0.013532 0.008680 0.012387 0.097430 0.136617 
67 2.431625 1.538324 0.002631 0.183021 0.042855 0.166702 0.033282 0.016926 0.007902 0.190335 0.295366 0.060979 
68 2.445606 1.470505 0.001914 0.173286 0.051000 0.155638 0.040352 0.000570 0.029136 0.176391 0.322290 0.049423 
69 2.681941 1.084088 0.010868 0.183054 0.099687 0.153426 0.035868 0.001812 0.025819 0.134274 0.296175 0.059016 
70 3.863586 0.379670 0.116054 0.109915 0.110132 0.166153 0.132305 0.019365 0.013009 0.031718 0.226312 0.075035 
71 4.326006 0.296227 0.171872 0.066551 0.142943 0.244113 0.049756 0.008389 0.045867 0.008270 0.177662 0.084577 
72 3.899253 0.366889 0.018033 0.099084 0.118800 0.212163 0.132232 0.063189 0.020090 0.021640 0.201842 0.112928 
79 4.966032 0.227683 0.135266 0.113341 0.123069 0.177467 0.158982 0.014464 0.007277 0.000239 0.098137 0.171758 
80 4.539542 0.262548 0.101988 0.078984 0.156540 0.204401 0.154005 0.001203 0.008633 0.013976 0.147087 0.133184 
81 4.531585 0.266005 0.167234 0.058078 0.134058 0.185317 0.142765 0.008412 0.011310 0.015296 0.177865 0.099665 
82 2.825629 0.871046 0.000825 0.161968 0.102641 0.194906 0.031795 0.002291 0.047728 0.096795 0.306142 0.054909 
83 3.811828 0.383216 0.002286 0.124004 0.133380 0.200260 0.137324 0.003266 0.028576 0.013640 0.230882 0.126382 
85 4.136694 0.319935 0.106263 0.118994 0.113661 0.181720 0.140470 0.012185 0.010609 0.023854 0.171665 0.120580 
86 2.610911 1.230025 0.003198 0.194119 0.055341 0.209563 0.085073 0.023172 0.002263 0.161424 0.247426 0.018419 
87 3.238922 0.566026 0.000209 0.173417 0.136803 0.205333 0.031887 0.003605 0.025610 0.043976 0.279464 0.099695 
89 2.571430 1.307715 0.004185 0.180190 0.103895 0.144476 0.047275 0.003572 0.001569 0.171958 0.281104 0.061775 
90 3.683712 0.413172 0.028368 0.133578 0.150375 0.211737 0.122375 0.002082 0.007532 0.031603 0.228191 0.084160 
91 2.769195 0.976082 0.040052 0.144892 0.042858 0.192218 0.035731 0.002899 0.026090 0.125454 0.295491 0.094315 
95 2.621069 1.159724 0.013551 0.179231 0.106672 0.137100 0.036201 0.001585 0.008193 0.146436 0.320114 0.050916 
96 4.978206 0.227159 0.113251 0.086215 0.133912 0.195795 0.171606 0.011432 0.008051 0.010127 0.082638 0.186973 
97 3.293881 0.544752 0.026259 0.174748 0.140248 0.210755 0.025288 0.002966 0.034043 0.035392 0.278686 0.071615 
98 3.037210 0.673379 0.000225 0.145152 0.146766 0.227441 0.027647 0.004877 0.031606 0.055163 0.337611 0.023512 
99 3.884257 0.368138 0.122187 0.132441 0.128392 0.194522 0.040328 0.003116 0.011758 0.026479 0.207364 0.133413 
102 3.206095 0.574450 0.000054 0.203630 0.062881 0.210355 0.062461 0.004066 0.003025 0.048708 0.267651 0.137168 
105 2.551389 1.343137 0.003628 0.190995 0.092657 0.143963 0.029756 0.024109 0.001820 0.172083 0.277934 0.063056 
106 2.683408 0.980338 0.000763 0.190732 0.049152 0.176189 0.038343 0.001759 0.008276 0.112848 0.345345 0.076595 
107 3.419275 0.495692 0.017522 0.166487 0.115958 0.206558 0.042049 0.008647 0.028851 0.021006 0.283341 0.109581 
108 3.664359 0.419542 0.007244 0.158720 0.139115 0.193400 0.071608 0.003620 0.012667 0.026097 0.221782 0.165747 
111 4.234465 0.311143 0.110921 0.062224 0.115138 0.249328 0.133966 0.002985 0.044412 0.007988 0.191039 0.082000 
112 2.617438 1.218378 0.001343 0.136722 0.092019 0.211462 0.028926 0.001445 0.003775 0.167025 0.276372 0.080911 
113 4.912818 0.228942 0.134413 0.074051 0.159085 0.205387 0.158418 0.013532 0.008680 0.012387 0.097430 0.136617 
114 4.652538 0.251006 0.148000 0.075278 0.132646 0.198138 0.158543 0.005156 0.006821 0.006894 0.160368 0.108157 
115 2.484701 1.411489 0.005835 0.152461 0.049081 0.156749 0.030542 0.024848 0.003251 0.178129 0.325438 0.073666 
116 3.725068 0.400090 0.002849 0.131560 0.096516 0.234893 0.143175 0.002483 0.014601 0.018674 0.231506 0.123742 
118 2.581612 1.294304 0.042179 0.150375 0.047415 0.139542 0.031467 0.001702 0.014536 0.167920 0.306940 0.097924 
119 2.341137 1.779621 0.000523 0.175929 0.042879 0.134619 0.035750 0.016965 0.023253 0.208156 0.313778 0.048149 
120 3.266612 0.553316 0.001660 0.161019 0.056227 0.252500 0.042944 0.021534 0.028434 0.016534 0.325702 0.093444 
121 3.003363 0.683313 0.002758 0.234398 0.049026 0.189781 0.033143 0.021225 0.002258 0.046823 0.329115 0.091473 
123 2.654330 1.143640 0.000340 0.141170 0.112358 0.138081 0.058643 0.001309 0.007651 0.150880 0.320443 0.069124 
124 2.780137 0.965885 0.004675 0.149668 0.111106 0.191894 0.035294 0.002802 0.023856 0.125691 0.283189 0.071824 
125 2.591136 1.281052 0.040727 0.150308 0.049162 0.136050 0.038735 0.003036 0.010250 0.167739 0.306548 0.097444 
126 3.787794 0.388517 0.043143 0.152641 0.051860 0.264147 0.139015 0.003137 0.036193 0.009816 0.200289 0.099758 
127 5.094943 0.216057 0.145382 0.084934 0.131276 0.192981 0.153316 0.011021 0.006378 0.006745 0.083378 0.184589 
129 4.761090 0.238649 0.111923 0.070877 0.125313 0.150708 0.183132 0.009135 0.006658 0.008376 0.151264 0.182615 
131 3.580942 0.438852 0.002418 0.162616 0.126487 0.237980 0.036252 0.002743 0.012798 0.025660 0.224053 0.168994 
132 4.060039 0.335088 0.109714 0.141611 0.125053 0.173485 0.073505 0.003260 0.011603 0.013345 0.198945 0.149479 
135 3.173453 0.595166 0.000346 0.153701 0.107224 0.207814 0.036576 0.003603 0.025490 0.041102 0.324756 0.099388 
136 3.399067 0.495935 0.000378 0.138838 0.118248 0.245936 0.043465 0.003866 0.020992 0.038940 0.255071 0.134267 
137 4.158644 0.316033 0.093017 0.126550 0.122224 0.192966 0.152363 0.002078 0.017528 0.012196 0.181910 0.099170 
138 2.782167 0.895327 0.000520 0.182927 0.108510 0.167458 0.036559 0.001246 0.007769 0.104852 0.329370 0.060790 
139 2.844997 0.857866 0.000346 0.154909 0.108457 0.150575 0.036553 0.001346 0.008404 0.104692 0.328350 0.106367 
140 4.583613 0.260660 0.102706 0.118094 0.120676 0.176595 0.154549 0.002086 0.007235 0.001874 0.147999 0.168186 
143 4.200131 0.313277 0.124883 0.127632 0.090063 0.162120 0.134540 0.013994 0.045915 0.009039 0.172034 0.119780 
144 3.489014 0.476738 0.001644 0.115158 0.110666 0.197029 0.127219 0.012501 0.024521 0.043852 0.250996 0.116415 
145 5.004836 0.220280 0.167438 0.096176 0.151071 0.158045 0.179401 0.012849 0.006905 0.012162 0.092285 0.123667 
147 2.321783 1.871952 0.001390 0.152933 0.048778 0.144663 0.034084 0.001325 0.008232 0.226607 0.308906 0.073083 
148 2.665857 1.086006 0.010971 0.176335 0.096893 0.149492 0.035021 0.001823 0.021727 0.133510 0.316322 0.057907 
149 2.656977 1.114188 0.005161 0.164983 0.102392 0.158675 0.022389 0.003424 0.026839 0.138762 0.307493 0.069882 
